1046742693106388993 1046740275387912192
1046742693106388993 1046740656373157890
1046740275387912192 1046740656373157890
1233684986563305472 1233169789172027392
1233684986563305472 1233157582954618881
1233169789172027392 1233157582954618881
1086662493160783872 1086658604495712257
1086662493160783872 1086652922728009731
1086658604495712257 1086652922728009731
1192760347637235713 1192656417859223558
1192760347637235713 1192644822617722880
1192760347637235713 1192646193056075776
1192760347637235713 1192639723405070336
1192760347637235713 1192638329151320065
1192760347637235713 1192632518828331008
1192760347637235713 1192632871275696128
1192760347637235713 1192631865418510336
1192760347637235713 1192630777143447552
1192760347637235713 1192630311512952832
1192760347637235713 1192631074284810245
1192760347637235713 1192629311968202752
1192760347637235713 1192629209426014214
1192656417859223558 1192644822617722880
1192656417859223558 1192646193056075776
1192656417859223558 1192639723405070336
1192656417859223558 1192638329151320065
1192656417859223558 1192632518828331008
1192656417859223558 1192632871275696128
1192656417859223558 1192631865418510336
1192656417859223558 1192630777143447552
1192656417859223558 1192630311512952832
1192656417859223558 1192631074284810245
1192656417859223558 1192629311968202752
1192656417859223558 1192629209426014214
1192644822617722880 1192646193056075776
1192644822617722880 1192639723405070336
1192644822617722880 1192638329151320065
1192644822617722880 1192632518828331008
1192644822617722880 1192632871275696128
1192644822617722880 1192631865418510336
1192644822617722880 1192630777143447552
1192644822617722880 1192630311512952832
1192644822617722880 1192631074284810245
1192644822617722880 1192629311968202752
1192644822617722880 1192629209426014214
1192646193056075776 1192639723405070336
1192646193056075776 1192638329151320065
1192646193056075776 1192632518828331008
1192646193056075776 1192632871275696128
1192646193056075776 1192631865418510336
1192646193056075776 1192630777143447552
1192646193056075776 1192630311512952832
1192646193056075776 1192631074284810245
1192646193056075776 1192629311968202752
1192646193056075776 1192629209426014214
1192639723405070336 1192638329151320065
1192639723405070336 1192632518828331008
1192639723405070336 1192632871275696128
1192639723405070336 1192631865418510336
1192639723405070336 1192630777143447552
1192639723405070336 1192630311512952832
1192639723405070336 1192631074284810245
1192639723405070336 1192629311968202752
1192639723405070336 1192629209426014214
1192638329151320065 1192632518828331008
1192638329151320065 1192632871275696128
1192638329151320065 1192631865418510336
1192638329151320065 1192630777143447552
1192638329151320065 1192630311512952832
1192638329151320065 1192631074284810245
1192638329151320065 1192629311968202752
1192638329151320065 1192629209426014214
1192632518828331008 1192632871275696128
1192632518828331008 1192631865418510336
1192632518828331008 1192630777143447552
1192632518828331008 1192630311512952832
1192632518828331008 1192631074284810245
1192632518828331008 1192629311968202752
1192632518828331008 1192629209426014214
1192632871275696128 1192631865418510336
1192632871275696128 1192630777143447552
1192632871275696128 1192630311512952832
1192632871275696128 1192631074284810245
1192632871275696128 1192629311968202752
1192632871275696128 1192629209426014214
1192631865418510336 1192630777143447552
1192631865418510336 1192630311512952832
1192631865418510336 1192631074284810245
1192631865418510336 1192629311968202752
1192631865418510336 1192629209426014214
1192630777143447552 1192630311512952832
1192630777143447552 1192631074284810245
1192630777143447552 1192629311968202752
1192630777143447552 1192629209426014214
1192630311512952832 1192631074284810245
1192630311512952832 1192629311968202752
1192630311512952832 1192629209426014214
1192631074284810245 1192629311968202752
1192631074284810245 1192629209426014214
1192629311968202752 1192629209426014214
1192713564643049472 1192700911518269440
1192713564643049472 1192692326897983488
1192700911518269440 1192692326897983488
