1052923365579808768 1052998102427344897
1052923365579808768 1052973985930063874
1052923365579808768 1052975657695744000
1052923365579808768 1052995049695383554
1052923365579808768 1052906398349230082
1052923365579808768 1052907130129457154
1052923365579808768 1052898241614925825
1052923365579808768 1052893746004660226
1052923365579808768 1052894006118633473
1052923365579808768 1052893770629480449
1052923365579808768 1052967282446688256
1052923365579808768 1052953413275783169
1052923365579808768 1052954034896801793
1052923365579808768 1052954399922941952
1052923365579808768 1053280754602520579
1052998102427344897 1052973985930063874
1052998102427344897 1052975657695744000
1052998102427344897 1052995049695383554
1052998102427344897 1052906398349230082
1052998102427344897 1052907130129457154
1052998102427344897 1052898241614925825
1052998102427344897 1052893746004660226
1052998102427344897 1052894006118633473
1052998102427344897 1052893770629480449
1052998102427344897 1052967282446688256
1052998102427344897 1052953413275783169
1052998102427344897 1052954034896801793
1052998102427344897 1052954399922941952
1052998102427344897 1053280754602520579
1052973985930063874 1052975657695744000
1052973985930063874 1052995049695383554
1052973985930063874 1052906398349230082
1052973985930063874 1052907130129457154
1052973985930063874 1052898241614925825
1052973985930063874 1052893746004660226
1052973985930063874 1052894006118633473
1052973985930063874 1052893770629480449
1052973985930063874 1052967282446688256
1052973985930063874 1052953413275783169
1052973985930063874 1052954034896801793
1052973985930063874 1052954399922941952
1052973985930063874 1053280754602520579
1052975657695744000 1052995049695383554
1052975657695744000 1052906398349230082
1052975657695744000 1052907130129457154
1052975657695744000 1052898241614925825
1052975657695744000 1052893746004660226
1052975657695744000 1052894006118633473
1052975657695744000 1052893770629480449
1052975657695744000 1052967282446688256
1052975657695744000 1052953413275783169
1052975657695744000 1052954034896801793
1052975657695744000 1052954399922941952
1052975657695744000 1053280754602520579
1052995049695383554 1052906398349230082
1052995049695383554 1052907130129457154
1052995049695383554 1052898241614925825
1052995049695383554 1052893746004660226
1052995049695383554 1052894006118633473
1052995049695383554 1052893770629480449
1052995049695383554 1052967282446688256
1052995049695383554 1052953413275783169
1052995049695383554 1052954034896801793
1052995049695383554 1052954399922941952
1052995049695383554 1053280754602520579
1052906398349230082 1052907130129457154
1052906398349230082 1052898241614925825
1052906398349230082 1052893746004660226
1052906398349230082 1052894006118633473
1052906398349230082 1052893770629480449
1052906398349230082 1052967282446688256
1052906398349230082 1052953413275783169
1052906398349230082 1052954034896801793
1052906398349230082 1052954399922941952
1052906398349230082 1053280754602520579
1052907130129457154 1052898241614925825
1052907130129457154 1052893746004660226
1052907130129457154 1052894006118633473
1052907130129457154 1052893770629480449
1052907130129457154 1052967282446688256
1052907130129457154 1052953413275783169
1052907130129457154 1052954034896801793
1052907130129457154 1052954399922941952
1052907130129457154 1053280754602520579
1052898241614925825 1052893746004660226
1052898241614925825 1052894006118633473
1052898241614925825 1052893770629480449
1052898241614925825 1052967282446688256
1052898241614925825 1052953413275783169
1052898241614925825 1052954034896801793
1052898241614925825 1052954399922941952
1052898241614925825 1053280754602520579
1052893746004660226 1052894006118633473
1052893746004660226 1052893770629480449
1052893746004660226 1052967282446688256
1052893746004660226 1052953413275783169
1052893746004660226 1052954034896801793
1052893746004660226 1052954399922941952
1052893746004660226 1053280754602520579
1052894006118633473 1052893770629480449
1052894006118633473 1052967282446688256
1052894006118633473 1052953413275783169
1052894006118633473 1052954034896801793
1052894006118633473 1052954399922941952
1052894006118633473 1053280754602520579
1052893770629480449 1052967282446688256
1052893770629480449 1052953413275783169
1052893770629480449 1052954034896801793
1052893770629480449 1052954399922941952
1052893770629480449 1053280754602520579
1052967282446688256 1052953413275783169
1052967282446688256 1052954034896801793
1052967282446688256 1052954399922941952
1052967282446688256 1053280754602520579
1052953413275783169 1052954034896801793
1052953413275783169 1052954399922941952
1052953413275783169 1053280754602520579
1052954034896801793 1052954399922941952
1052954034896801793 1053280754602520579
1052954399922941952 1053280754602520579
1084228073279684614 1084290821220958208
1055214680246050818 1053220843092934656
1055214680246050818 1053213181093572609
1055214680246050818 1053352988633382918
1055214680246050818 1054564424357462017
1055214680246050818 1053939326046871552
1055214680246050818 1053936320991633408
1053220843092934656 1053213181093572609
1053220843092934656 1053352988633382918
1053220843092934656 1054564424357462017
1053220843092934656 1053939326046871552
1053220843092934656 1053936320991633408
1053213181093572609 1053352988633382918
1053213181093572609 1054564424357462017
1053213181093572609 1053939326046871552
1053213181093572609 1053936320991633408
1053352988633382918 1054564424357462017
1053352988633382918 1053939326046871552
1053352988633382918 1053936320991633408
1054564424357462017 1053939326046871552
1054564424357462017 1053936320991633408
1053939326046871552 1053936320991633408
1078264147178074112 1078130283873005568
1078264147178074112 1078102818521862144
1078264147178074112 1078097147478851590
1078264147178074112 1078090781322240000
1078264147178074112 1078088765963464706
1078264147178074112 1078086922352898048
1078264147178074112 1078088030806835201
1078264147178074112 1078085627185455105
1078264147178074112 1078084785430507521
1078264147178074112 1078084740157038593
1078130283873005568 1078102818521862144
1078130283873005568 1078097147478851590
1078130283873005568 1078090781322240000
1078130283873005568 1078088765963464706
1078130283873005568 1078086922352898048
1078130283873005568 1078088030806835201
1078130283873005568 1078085627185455105
1078130283873005568 1078084785430507521
1078130283873005568 1078084740157038593
1078102818521862144 1078097147478851590
1078102818521862144 1078090781322240000
1078102818521862144 1078088765963464706
1078102818521862144 1078086922352898048
1078102818521862144 1078088030806835201
1078102818521862144 1078085627185455105
1078102818521862144 1078084785430507521
1078102818521862144 1078084740157038593
1078097147478851590 1078090781322240000
1078097147478851590 1078088765963464706
1078097147478851590 1078086922352898048
1078097147478851590 1078088030806835201
1078097147478851590 1078085627185455105
1078097147478851590 1078084785430507521
1078097147478851590 1078084740157038593
1078090781322240000 1078088765963464706
1078090781322240000 1078086922352898048
1078090781322240000 1078088030806835201
1078090781322240000 1078085627185455105
1078090781322240000 1078084785430507521
1078090781322240000 1078084740157038593
1078088765963464706 1078086922352898048
1078088765963464706 1078088030806835201
1078088765963464706 1078085627185455105
1078088765963464706 1078084785430507521
1078088765963464706 1078084740157038593
1078086922352898048 1078088030806835201
1078086922352898048 1078085627185455105
1078086922352898048 1078084785430507521
1078086922352898048 1078084740157038593
1078088030806835201 1078085627185455105
1078088030806835201 1078084785430507521
1078088030806835201 1078084740157038593
1078085627185455105 1078084785430507521
1078085627185455105 1078084740157038593
1078084785430507521 1078084740157038593
1079712827919749121 1079703939036180480
1232382426581807104 1232358091573940224
1086662493160783872 1086658604495712257
1086662493160783872 1086652922728009731
1086658604495712257 1086652922728009731
1189560707781545984 1189199179840573445
1189560707781545984 1189076807649095685
1189560707781545984 1188989162411544577
1189560707781545984 1188856209153183744
1189560707781545984 1193408497175552000
1189199179840573445 1189076807649095685
1189199179840573445 1188989162411544577
1189199179840573445 1188856209153183744
1189199179840573445 1193408497175552000
1189076807649095685 1188989162411544577
1189076807649095685 1188856209153183744
1189076807649095685 1193408497175552000
1188989162411544577 1188856209153183744
1188989162411544577 1193408497175552000
1188856209153183744 1193408497175552000
1189199029319528448 1188856134003822594
1188869420459933696 1188721941227589632
1188869420459933696 1188688746666967042
1188869420459933696 1188665999345639424
1188869420459933696 1188660579164020736
1188721941227589632 1188688746666967042
1188721941227589632 1188665999345639424
1188721941227589632 1188660579164020736
1188688746666967042 1188665999345639424
1188688746666967042 1188660579164020736
1188665999345639424 1188660579164020736
1188821814161657858 1188820596601188352
1188806725572464640 1188806052516679681
