1052729883695218688 1052090829517377536
1052729883695218688 1052032986902880256
1052729883695218688 1052028789595787264
1052729883695218688 1052024185663483904
1052729883695218688 1052024515390308353
1052729883695218688 1052024590480756736
1052729883695218688 1052025834310119424
1052090829517377536 1052032986902880256
1052090829517377536 1052028789595787264
1052090829517377536 1052024185663483904
1052090829517377536 1052024515390308353
1052090829517377536 1052024590480756736
1052090829517377536 1052025834310119424
1052032986902880256 1052028789595787264
1052032986902880256 1052024185663483904
1052032986902880256 1052024515390308353
1052032986902880256 1052024590480756736
1052032986902880256 1052025834310119424
1052028789595787264 1052024185663483904
1052028789595787264 1052024515390308353
1052028789595787264 1052024590480756736
1052028789595787264 1052025834310119424
1052024185663483904 1052024515390308353
1052024185663483904 1052024590480756736
1052024185663483904 1052025834310119424
1052024515390308353 1052024590480756736
1052024515390308353 1052025834310119424
1052024590480756736 1052025834310119424
1220254530362695681 1219684373621985280
1220254530362695681 1219683623420547075
1219684373621985280 1219683623420547075
1220213633084542977 1220060579303501824
1220213633084542977 1220024145779601409
1220213633084542977 1219992747685437442
1220213633084542977 1219991714448003072
1220213633084542977 1219993448801013760
1220213633084542977 1219987223657041928
1220213633084542977 1219977494104768517
1220213633084542977 1219962195645206528
1220213633084542977 1219935295757594624
1220213633084542977 1219925144824696835
1220213633084542977 1219906829330808832
1220213633084542977 1219897012541444096
1220213633084542977 1219897603862736896
1220213633084542977 1219903416077639680
1220213633084542977 1219898506191757313
1220213633084542977 1219898087457554432
1220213633084542977 1219902683416612864
1220213633084542977 1219896772891422720
1220213633084542977 1219765679563460608
1220213633084542977 1220789311202660352
1220213633084542977 1220783529459617792
1220060579303501824 1220024145779601409
1220060579303501824 1219992747685437442
1220060579303501824 1219991714448003072
1220060579303501824 1219993448801013760
1220060579303501824 1219987223657041928
1220060579303501824 1219977494104768517
1220060579303501824 1219962195645206528
1220060579303501824 1219935295757594624
1220060579303501824 1219925144824696835
1220060579303501824 1219906829330808832
1220060579303501824 1219897012541444096
1220060579303501824 1219897603862736896
1220060579303501824 1219903416077639680
1220060579303501824 1219898506191757313
1220060579303501824 1219898087457554432
1220060579303501824 1219902683416612864
1220060579303501824 1219896772891422720
1220060579303501824 1219765679563460608
1220060579303501824 1220789311202660352
1220060579303501824 1220783529459617792
1220024145779601409 1219992747685437442
1220024145779601409 1219991714448003072
1220024145779601409 1219993448801013760
1220024145779601409 1219987223657041928
1220024145779601409 1219977494104768517
1220024145779601409 1219962195645206528
1220024145779601409 1219935295757594624
1220024145779601409 1219925144824696835
1220024145779601409 1219906829330808832
1220024145779601409 1219897012541444096
1220024145779601409 1219897603862736896
1220024145779601409 1219903416077639680
1220024145779601409 1219898506191757313
1220024145779601409 1219898087457554432
1220024145779601409 1219902683416612864
1220024145779601409 1219896772891422720
1220024145779601409 1219765679563460608
1220024145779601409 1220789311202660352
1220024145779601409 1220783529459617792
1219992747685437442 1219991714448003072
1219992747685437442 1219993448801013760
1219992747685437442 1219987223657041928
1219992747685437442 1219977494104768517
1219992747685437442 1219962195645206528
1219992747685437442 1219935295757594624
1219992747685437442 1219925144824696835
1219992747685437442 1219906829330808832
1219992747685437442 1219897012541444096
1219992747685437442 1219897603862736896
1219992747685437442 1219903416077639680
1219992747685437442 1219898506191757313
1219992747685437442 1219898087457554432
1219992747685437442 1219902683416612864
1219992747685437442 1219896772891422720
1219992747685437442 1219765679563460608
1219992747685437442 1220789311202660352
1219992747685437442 1220783529459617792
1219991714448003072 1219993448801013760
1219991714448003072 1219987223657041928
1219991714448003072 1219977494104768517
1219991714448003072 1219962195645206528
1219991714448003072 1219935295757594624
1219991714448003072 1219925144824696835
1219991714448003072 1219906829330808832
1219991714448003072 1219897012541444096
1219991714448003072 1219897603862736896
1219991714448003072 1219903416077639680
1219991714448003072 1219898506191757313
1219991714448003072 1219898087457554432
1219991714448003072 1219902683416612864
1219991714448003072 1219896772891422720
1219991714448003072 1219765679563460608
1219991714448003072 1220789311202660352
1219991714448003072 1220783529459617792
1219993448801013760 1219987223657041928
1219993448801013760 1219977494104768517
1219993448801013760 1219962195645206528
1219993448801013760 1219935295757594624
1219993448801013760 1219925144824696835
1219993448801013760 1219906829330808832
1219993448801013760 1219897012541444096
1219993448801013760 1219897603862736896
1219993448801013760 1219903416077639680
1219993448801013760 1219898506191757313
1219993448801013760 1219898087457554432
1219993448801013760 1219902683416612864
1219993448801013760 1219896772891422720
1219993448801013760 1219765679563460608
1219993448801013760 1220789311202660352
1219993448801013760 1220783529459617792
1219987223657041928 1219977494104768517
1219987223657041928 1219962195645206528
1219987223657041928 1219935295757594624
1219987223657041928 1219925144824696835
1219987223657041928 1219906829330808832
1219987223657041928 1219897012541444096
1219987223657041928 1219897603862736896
1219987223657041928 1219903416077639680
1219987223657041928 1219898506191757313
1219987223657041928 1219898087457554432
1219987223657041928 1219902683416612864
1219987223657041928 1219896772891422720
1219987223657041928 1219765679563460608
1219987223657041928 1220789311202660352
1219987223657041928 1220783529459617792
1219977494104768517 1219962195645206528
1219977494104768517 1219935295757594624
1219977494104768517 1219925144824696835
1219977494104768517 1219906829330808832
1219977494104768517 1219897012541444096
1219977494104768517 1219897603862736896
1219977494104768517 1219903416077639680
1219977494104768517 1219898506191757313
1219977494104768517 1219898087457554432
1219977494104768517 1219902683416612864
1219977494104768517 1219896772891422720
1219977494104768517 1219765679563460608
1219977494104768517 1220789311202660352
1219977494104768517 1220783529459617792
1219962195645206528 1219935295757594624
1219962195645206528 1219925144824696835
1219962195645206528 1219906829330808832
1219962195645206528 1219897012541444096
1219962195645206528 1219897603862736896
1219962195645206528 1219903416077639680
1219962195645206528 1219898506191757313
1219962195645206528 1219898087457554432
1219962195645206528 1219902683416612864
1219962195645206528 1219896772891422720
1219962195645206528 1219765679563460608
1219962195645206528 1220789311202660352
1219962195645206528 1220783529459617792
1219935295757594624 1219925144824696835
1219935295757594624 1219906829330808832
1219935295757594624 1219897012541444096
1219935295757594624 1219897603862736896
1219935295757594624 1219903416077639680
1219935295757594624 1219898506191757313
1219935295757594624 1219898087457554432
1219935295757594624 1219902683416612864
1219935295757594624 1219896772891422720
1219935295757594624 1219765679563460608
1219935295757594624 1220789311202660352
1219935295757594624 1220783529459617792
1219925144824696835 1219906829330808832
1219925144824696835 1219897012541444096
1219925144824696835 1219897603862736896
1219925144824696835 1219903416077639680
1219925144824696835 1219898506191757313
1219925144824696835 1219898087457554432
1219925144824696835 1219902683416612864
1219925144824696835 1219896772891422720
1219925144824696835 1219765679563460608
1219925144824696835 1220789311202660352
1219925144824696835 1220783529459617792
1219906829330808832 1219897012541444096
1219906829330808832 1219897603862736896
1219906829330808832 1219903416077639680
1219906829330808832 1219898506191757313
1219906829330808832 1219898087457554432
1219906829330808832 1219902683416612864
1219906829330808832 1219896772891422720
1219906829330808832 1219765679563460608
1219906829330808832 1220789311202660352
1219906829330808832 1220783529459617792
1219897012541444096 1219897603862736896
1219897012541444096 1219903416077639680
1219897012541444096 1219898506191757313
1219897012541444096 1219898087457554432
1219897012541444096 1219902683416612864
1219897012541444096 1219896772891422720
1219897012541444096 1219765679563460608
1219897012541444096 1220789311202660352
1219897012541444096 1220783529459617792
1219897603862736896 1219903416077639680
1219897603862736896 1219898506191757313
1219897603862736896 1219898087457554432
1219897603862736896 1219902683416612864
1219897603862736896 1219896772891422720
1219897603862736896 1219765679563460608
1219897603862736896 1220789311202660352
1219897603862736896 1220783529459617792
1219903416077639680 1219898506191757313
1219903416077639680 1219898087457554432
1219903416077639680 1219902683416612864
1219903416077639680 1219896772891422720
1219903416077639680 1219765679563460608
1219903416077639680 1220789311202660352
1219903416077639680 1220783529459617792
1219898506191757313 1219898087457554432
1219898506191757313 1219902683416612864
1219898506191757313 1219896772891422720
1219898506191757313 1219765679563460608
1219898506191757313 1220789311202660352
1219898506191757313 1220783529459617792
1219898087457554432 1219902683416612864
1219898087457554432 1219896772891422720
1219898087457554432 1219765679563460608
1219898087457554432 1220789311202660352
1219898087457554432 1220783529459617792
1219902683416612864 1219896772891422720
1219902683416612864 1219765679563460608
1219902683416612864 1220789311202660352
1219902683416612864 1220783529459617792
1219896772891422720 1219765679563460608
1219896772891422720 1220789311202660352
1219896772891422720 1220783529459617792
1219765679563460608 1220789311202660352
1219765679563460608 1220783529459617792
1220789311202660352 1220783529459617792
1220144008510361600 1220059221770657793
1220144008510361600 1219776671676424193
1220144008510361600 1219777774514139137
1220059221770657793 1219776671676424193
1220059221770657793 1219777774514139137
1219776671676424193 1219777774514139137
1220077272050421761 1219983298610581504
1220077272050421761 1219833568794501121
1220077272050421761 1219824349357789186
1220077272050421761 1219808404493021184
1220077272050421761 1219721793759514625
1220077272050421761 1219687193863708672
1220077272050421761 1219653251643080704
1220077272050421761 1219618102029307905
1219983298610581504 1219833568794501121
1219983298610581504 1219824349357789186
1219983298610581504 1219808404493021184
1219983298610581504 1219721793759514625
1219983298610581504 1219687193863708672
1219983298610581504 1219653251643080704
1219983298610581504 1219618102029307905
1219833568794501121 1219824349357789186
1219833568794501121 1219808404493021184
1219833568794501121 1219721793759514625
1219833568794501121 1219687193863708672
1219833568794501121 1219653251643080704
1219833568794501121 1219618102029307905
1219824349357789186 1219808404493021184
1219824349357789186 1219721793759514625
1219824349357789186 1219687193863708672
1219824349357789186 1219653251643080704
1219824349357789186 1219618102029307905
1219808404493021184 1219721793759514625
1219808404493021184 1219687193863708672
1219808404493021184 1219653251643080704
1219808404493021184 1219618102029307905
1219721793759514625 1219687193863708672
1219721793759514625 1219653251643080704
1219721793759514625 1219618102029307905
1219687193863708672 1219653251643080704
1219687193863708672 1219618102029307905
1219653251643080704 1219618102029307905
1220054293673390081 1220016077196988418
1219932369236328448 1219932035575250944
1219932369236328448 1219833195027451905
1219932369236328448 1219798586038333440
1219932369236328448 1219749765744906240
1219932035575250944 1219833195027451905
1219932035575250944 1219798586038333440
1219932035575250944 1219749765744906240
1219833195027451905 1219798586038333440
1219833195027451905 1219749765744906240
1219798586038333440 1219749765744906240
1219787995974336512 1219710731270139904
1219787995974336512 1219702204610813953
1219710731270139904 1219702204610813953
1219734002594017280 1219733022733410304
1219661593937612800 1219643861175361537
1219661593937612800 1219626311360110593
1219643861175361537 1219626311360110593
1221421861587836930 1221420756539559936
1221421861587836930 1221421932769423360
1221421861587836930 1221403238391517184
1221421861587836930 1221368489300111360
1221421861587836930 1221360304098959360
1221421861587836930 1221356088785690624
1221421861587836930 1221348382062460929
1221421861587836930 1221348838172172288
1221421861587836930 1221347325252997120
1221421861587836930 1221327087186907137
1221421861587836930 1221321663163195400
1221421861587836930 1221320011882606593
1221421861587836930 1221318568903495680
1221421861587836930 1221311825976782849
1221421861587836930 1221313796469182465
1221421861587836930 1221289077925928960
1221421861587836930 1221291425876172800
1221421861587836930 1221283987240304640
1221421861587836930 1221283720415416321
1221421861587836930 1221285172630474752
1221421861587836930 1221283266960842752
1221421861587836930 1221273326808715264
1221421861587836930 1221268457364176897
1221421861587836930 1221266230314590208
1221421861587836930 1221261718808035328
1221421861587836930 1221265022577410050
1221421861587836930 1221262474772500480
1221421861587836930 1221262194232451073
1221420756539559936 1221421932769423360
1221420756539559936 1221403238391517184
1221420756539559936 1221368489300111360
1221420756539559936 1221360304098959360
1221420756539559936 1221356088785690624
1221420756539559936 1221348382062460929
1221420756539559936 1221348838172172288
1221420756539559936 1221347325252997120
1221420756539559936 1221327087186907137
1221420756539559936 1221321663163195400
1221420756539559936 1221320011882606593
1221420756539559936 1221318568903495680
1221420756539559936 1221311825976782849
1221420756539559936 1221313796469182465
1221420756539559936 1221289077925928960
1221420756539559936 1221291425876172800
1221420756539559936 1221283987240304640
1221420756539559936 1221283720415416321
1221420756539559936 1221285172630474752
1221420756539559936 1221283266960842752
1221420756539559936 1221273326808715264
1221420756539559936 1221268457364176897
1221420756539559936 1221266230314590208
1221420756539559936 1221261718808035328
1221420756539559936 1221265022577410050
1221420756539559936 1221262474772500480
1221420756539559936 1221262194232451073
1221421932769423360 1221403238391517184
1221421932769423360 1221368489300111360
1221421932769423360 1221360304098959360
1221421932769423360 1221356088785690624
1221421932769423360 1221348382062460929
1221421932769423360 1221348838172172288
1221421932769423360 1221347325252997120
1221421932769423360 1221327087186907137
1221421932769423360 1221321663163195400
1221421932769423360 1221320011882606593
1221421932769423360 1221318568903495680
1221421932769423360 1221311825976782849
1221421932769423360 1221313796469182465
1221421932769423360 1221289077925928960
1221421932769423360 1221291425876172800
1221421932769423360 1221283987240304640
1221421932769423360 1221283720415416321
1221421932769423360 1221285172630474752
1221421932769423360 1221283266960842752
1221421932769423360 1221273326808715264
1221421932769423360 1221268457364176897
1221421932769423360 1221266230314590208
1221421932769423360 1221261718808035328
1221421932769423360 1221265022577410050
1221421932769423360 1221262474772500480
1221421932769423360 1221262194232451073
1221403238391517184 1221368489300111360
1221403238391517184 1221360304098959360
1221403238391517184 1221356088785690624
1221403238391517184 1221348382062460929
1221403238391517184 1221348838172172288
1221403238391517184 1221347325252997120
1221403238391517184 1221327087186907137
1221403238391517184 1221321663163195400
1221403238391517184 1221320011882606593
1221403238391517184 1221318568903495680
1221403238391517184 1221311825976782849
1221403238391517184 1221313796469182465
1221403238391517184 1221289077925928960
1221403238391517184 1221291425876172800
1221403238391517184 1221283987240304640
1221403238391517184 1221283720415416321
1221403238391517184 1221285172630474752
1221403238391517184 1221283266960842752
1221403238391517184 1221273326808715264
1221403238391517184 1221268457364176897
1221403238391517184 1221266230314590208
1221403238391517184 1221261718808035328
1221403238391517184 1221265022577410050
1221403238391517184 1221262474772500480
1221403238391517184 1221262194232451073
1221368489300111360 1221360304098959360
1221368489300111360 1221356088785690624
1221368489300111360 1221348382062460929
1221368489300111360 1221348838172172288
1221368489300111360 1221347325252997120
1221368489300111360 1221327087186907137
1221368489300111360 1221321663163195400
1221368489300111360 1221320011882606593
1221368489300111360 1221318568903495680
1221368489300111360 1221311825976782849
1221368489300111360 1221313796469182465
1221368489300111360 1221289077925928960
1221368489300111360 1221291425876172800
1221368489300111360 1221283987240304640
1221368489300111360 1221283720415416321
1221368489300111360 1221285172630474752
1221368489300111360 1221283266960842752
1221368489300111360 1221273326808715264
1221368489300111360 1221268457364176897
1221368489300111360 1221266230314590208
1221368489300111360 1221261718808035328
1221368489300111360 1221265022577410050
1221368489300111360 1221262474772500480
1221368489300111360 1221262194232451073
1221360304098959360 1221356088785690624
1221360304098959360 1221348382062460929
1221360304098959360 1221348838172172288
1221360304098959360 1221347325252997120
1221360304098959360 1221327087186907137
1221360304098959360 1221321663163195400
1221360304098959360 1221320011882606593
1221360304098959360 1221318568903495680
1221360304098959360 1221311825976782849
1221360304098959360 1221313796469182465
1221360304098959360 1221289077925928960
1221360304098959360 1221291425876172800
1221360304098959360 1221283987240304640
1221360304098959360 1221283720415416321
1221360304098959360 1221285172630474752
1221360304098959360 1221283266960842752
1221360304098959360 1221273326808715264
1221360304098959360 1221268457364176897
1221360304098959360 1221266230314590208
1221360304098959360 1221261718808035328
1221360304098959360 1221265022577410050
1221360304098959360 1221262474772500480
1221360304098959360 1221262194232451073
1221356088785690624 1221348382062460929
1221356088785690624 1221348838172172288
1221356088785690624 1221347325252997120
1221356088785690624 1221327087186907137
1221356088785690624 1221321663163195400
1221356088785690624 1221320011882606593
1221356088785690624 1221318568903495680
1221356088785690624 1221311825976782849
1221356088785690624 1221313796469182465
1221356088785690624 1221289077925928960
1221356088785690624 1221291425876172800
1221356088785690624 1221283987240304640
1221356088785690624 1221283720415416321
1221356088785690624 1221285172630474752
1221356088785690624 1221283266960842752
1221356088785690624 1221273326808715264
1221356088785690624 1221268457364176897
1221356088785690624 1221266230314590208
1221356088785690624 1221261718808035328
1221356088785690624 1221265022577410050
1221356088785690624 1221262474772500480
1221356088785690624 1221262194232451073
1221348382062460929 1221348838172172288
1221348382062460929 1221347325252997120
1221348382062460929 1221327087186907137
1221348382062460929 1221321663163195400
1221348382062460929 1221320011882606593
1221348382062460929 1221318568903495680
1221348382062460929 1221311825976782849
1221348382062460929 1221313796469182465
1221348382062460929 1221289077925928960
1221348382062460929 1221291425876172800
1221348382062460929 1221283987240304640
1221348382062460929 1221283720415416321
1221348382062460929 1221285172630474752
1221348382062460929 1221283266960842752
1221348382062460929 1221273326808715264
1221348382062460929 1221268457364176897
1221348382062460929 1221266230314590208
1221348382062460929 1221261718808035328
1221348382062460929 1221265022577410050
1221348382062460929 1221262474772500480
1221348382062460929 1221262194232451073
1221348838172172288 1221347325252997120
1221348838172172288 1221327087186907137
1221348838172172288 1221321663163195400
1221348838172172288 1221320011882606593
1221348838172172288 1221318568903495680
1221348838172172288 1221311825976782849
1221348838172172288 1221313796469182465
1221348838172172288 1221289077925928960
1221348838172172288 1221291425876172800
1221348838172172288 1221283987240304640
1221348838172172288 1221283720415416321
1221348838172172288 1221285172630474752
1221348838172172288 1221283266960842752
1221348838172172288 1221273326808715264
1221348838172172288 1221268457364176897
1221348838172172288 1221266230314590208
1221348838172172288 1221261718808035328
1221348838172172288 1221265022577410050
1221348838172172288 1221262474772500480
1221348838172172288 1221262194232451073
1221347325252997120 1221327087186907137
1221347325252997120 1221321663163195400
1221347325252997120 1221320011882606593
1221347325252997120 1221318568903495680
1221347325252997120 1221311825976782849
1221347325252997120 1221313796469182465
1221347325252997120 1221289077925928960
1221347325252997120 1221291425876172800
1221347325252997120 1221283987240304640
1221347325252997120 1221283720415416321
1221347325252997120 1221285172630474752
1221347325252997120 1221283266960842752
1221347325252997120 1221273326808715264
1221347325252997120 1221268457364176897
1221347325252997120 1221266230314590208
1221347325252997120 1221261718808035328
1221347325252997120 1221265022577410050
1221347325252997120 1221262474772500480
1221347325252997120 1221262194232451073
1221327087186907137 1221321663163195400
1221327087186907137 1221320011882606593
1221327087186907137 1221318568903495680
1221327087186907137 1221311825976782849
1221327087186907137 1221313796469182465
1221327087186907137 1221289077925928960
1221327087186907137 1221291425876172800
1221327087186907137 1221283987240304640
1221327087186907137 1221283720415416321
1221327087186907137 1221285172630474752
1221327087186907137 1221283266960842752
1221327087186907137 1221273326808715264
1221327087186907137 1221268457364176897
1221327087186907137 1221266230314590208
1221327087186907137 1221261718808035328
1221327087186907137 1221265022577410050
1221327087186907137 1221262474772500480
1221327087186907137 1221262194232451073
1221321663163195400 1221320011882606593
1221321663163195400 1221318568903495680
1221321663163195400 1221311825976782849
1221321663163195400 1221313796469182465
1221321663163195400 1221289077925928960
1221321663163195400 1221291425876172800
1221321663163195400 1221283987240304640
1221321663163195400 1221283720415416321
1221321663163195400 1221285172630474752
1221321663163195400 1221283266960842752
1221321663163195400 1221273326808715264
1221321663163195400 1221268457364176897
1221321663163195400 1221266230314590208
1221321663163195400 1221261718808035328
1221321663163195400 1221265022577410050
1221321663163195400 1221262474772500480
1221321663163195400 1221262194232451073
1221320011882606593 1221318568903495680
1221320011882606593 1221311825976782849
1221320011882606593 1221313796469182465
1221320011882606593 1221289077925928960
1221320011882606593 1221291425876172800
1221320011882606593 1221283987240304640
1221320011882606593 1221283720415416321
1221320011882606593 1221285172630474752
1221320011882606593 1221283266960842752
1221320011882606593 1221273326808715264
1221320011882606593 1221268457364176897
1221320011882606593 1221266230314590208
1221320011882606593 1221261718808035328
1221320011882606593 1221265022577410050
1221320011882606593 1221262474772500480
1221320011882606593 1221262194232451073
1221318568903495680 1221311825976782849
1221318568903495680 1221313796469182465
1221318568903495680 1221289077925928960
1221318568903495680 1221291425876172800
1221318568903495680 1221283987240304640
1221318568903495680 1221283720415416321
1221318568903495680 1221285172630474752
1221318568903495680 1221283266960842752
1221318568903495680 1221273326808715264
1221318568903495680 1221268457364176897
1221318568903495680 1221266230314590208
1221318568903495680 1221261718808035328
1221318568903495680 1221265022577410050
1221318568903495680 1221262474772500480
1221318568903495680 1221262194232451073
1221311825976782849 1221313796469182465
1221311825976782849 1221289077925928960
1221311825976782849 1221291425876172800
1221311825976782849 1221283987240304640
1221311825976782849 1221283720415416321
1221311825976782849 1221285172630474752
1221311825976782849 1221283266960842752
1221311825976782849 1221273326808715264
1221311825976782849 1221268457364176897
1221311825976782849 1221266230314590208
1221311825976782849 1221261718808035328
1221311825976782849 1221265022577410050
1221311825976782849 1221262474772500480
1221311825976782849 1221262194232451073
1221313796469182465 1221289077925928960
1221313796469182465 1221291425876172800
1221313796469182465 1221283987240304640
1221313796469182465 1221283720415416321
1221313796469182465 1221285172630474752
1221313796469182465 1221283266960842752
1221313796469182465 1221273326808715264
1221313796469182465 1221268457364176897
1221313796469182465 1221266230314590208
1221313796469182465 1221261718808035328
1221313796469182465 1221265022577410050
1221313796469182465 1221262474772500480
1221313796469182465 1221262194232451073
1221289077925928960 1221291425876172800
1221289077925928960 1221283987240304640
1221289077925928960 1221283720415416321
1221289077925928960 1221285172630474752
1221289077925928960 1221283266960842752
1221289077925928960 1221273326808715264
1221289077925928960 1221268457364176897
1221289077925928960 1221266230314590208
1221289077925928960 1221261718808035328
1221289077925928960 1221265022577410050
1221289077925928960 1221262474772500480
1221289077925928960 1221262194232451073
1221291425876172800 1221283987240304640
1221291425876172800 1221283720415416321
1221291425876172800 1221285172630474752
1221291425876172800 1221283266960842752
1221291425876172800 1221273326808715264
1221291425876172800 1221268457364176897
1221291425876172800 1221266230314590208
1221291425876172800 1221261718808035328
1221291425876172800 1221265022577410050
1221291425876172800 1221262474772500480
1221291425876172800 1221262194232451073
1221283987240304640 1221283720415416321
1221283987240304640 1221285172630474752
1221283987240304640 1221283266960842752
1221283987240304640 1221273326808715264
1221283987240304640 1221268457364176897
1221283987240304640 1221266230314590208
1221283987240304640 1221261718808035328
1221283987240304640 1221265022577410050
1221283987240304640 1221262474772500480
1221283987240304640 1221262194232451073
1221283720415416321 1221285172630474752
1221283720415416321 1221283266960842752
1221283720415416321 1221273326808715264
1221283720415416321 1221268457364176897
1221283720415416321 1221266230314590208
1221283720415416321 1221261718808035328
1221283720415416321 1221265022577410050
1221283720415416321 1221262474772500480
1221283720415416321 1221262194232451073
1221285172630474752 1221283266960842752
1221285172630474752 1221273326808715264
1221285172630474752 1221268457364176897
1221285172630474752 1221266230314590208
1221285172630474752 1221261718808035328
1221285172630474752 1221265022577410050
1221285172630474752 1221262474772500480
1221285172630474752 1221262194232451073
1221283266960842752 1221273326808715264
1221283266960842752 1221268457364176897
1221283266960842752 1221266230314590208
1221283266960842752 1221261718808035328
1221283266960842752 1221265022577410050
1221283266960842752 1221262474772500480
1221283266960842752 1221262194232451073
1221273326808715264 1221268457364176897
1221273326808715264 1221266230314590208
1221273326808715264 1221261718808035328
1221273326808715264 1221265022577410050
1221273326808715264 1221262474772500480
1221273326808715264 1221262194232451073
1221268457364176897 1221266230314590208
1221268457364176897 1221261718808035328
1221268457364176897 1221265022577410050
1221268457364176897 1221262474772500480
1221268457364176897 1221262194232451073
1221266230314590208 1221261718808035328
1221266230314590208 1221265022577410050
1221266230314590208 1221262474772500480
1221266230314590208 1221262194232451073
1221261718808035328 1221265022577410050
1221261718808035328 1221262474772500480
1221261718808035328 1221262194232451073
1221265022577410050 1221262474772500480
1221265022577410050 1221262194232451073
1221262474772500480 1221262194232451073
1221262792730214402 1221262969247555584
1221262792730214402 1221264197499133952
1221262792730214402 1221261050995232769
1221262969247555584 1221264197499133952
1221262969247555584 1221261050995232769
1221264197499133952 1221261050995232769
1221210467604914176 1221205376017862656
1221210467604914176 1221035701111685120
1221210467604914176 1220985115385454593
1221210467604914176 1220962732687552512
1221210467604914176 1220958633493585920
1221210467604914176 1220950526227091456
1221210467604914176 1220939379201449984
1221210467604914176 1220936824723591170
1221210467604914176 1220930543862394880
1221210467604914176 1220922281284648960
1221210467604914176 1220917478676750338
1221210467604914176 1220917227995762689
1221205376017862656 1221035701111685120
1221205376017862656 1220985115385454593
1221205376017862656 1220962732687552512
1221205376017862656 1220958633493585920
1221205376017862656 1220950526227091456
1221205376017862656 1220939379201449984
1221205376017862656 1220936824723591170
1221205376017862656 1220930543862394880
1221205376017862656 1220922281284648960
1221205376017862656 1220917478676750338
1221205376017862656 1220917227995762689
1221035701111685120 1220985115385454593
1221035701111685120 1220962732687552512
1221035701111685120 1220958633493585920
1221035701111685120 1220950526227091456
1221035701111685120 1220939379201449984
1221035701111685120 1220936824723591170
1221035701111685120 1220930543862394880
1221035701111685120 1220922281284648960
1221035701111685120 1220917478676750338
1221035701111685120 1220917227995762689
1220985115385454593 1220962732687552512
1220985115385454593 1220958633493585920
1220985115385454593 1220950526227091456
1220985115385454593 1220939379201449984
1220985115385454593 1220936824723591170
1220985115385454593 1220930543862394880
1220985115385454593 1220922281284648960
1220985115385454593 1220917478676750338
1220985115385454593 1220917227995762689
1220962732687552512 1220958633493585920
1220962732687552512 1220950526227091456
1220962732687552512 1220939379201449984
1220962732687552512 1220936824723591170
1220962732687552512 1220930543862394880
1220962732687552512 1220922281284648960
1220962732687552512 1220917478676750338
1220962732687552512 1220917227995762689
1220958633493585920 1220950526227091456
1220958633493585920 1220939379201449984
1220958633493585920 1220936824723591170
1220958633493585920 1220930543862394880
1220958633493585920 1220922281284648960
1220958633493585920 1220917478676750338
1220958633493585920 1220917227995762689
1220950526227091456 1220939379201449984
1220950526227091456 1220936824723591170
1220950526227091456 1220930543862394880
1220950526227091456 1220922281284648960
1220950526227091456 1220917478676750338
1220950526227091456 1220917227995762689
1220939379201449984 1220936824723591170
1220939379201449984 1220930543862394880
1220939379201449984 1220922281284648960
1220939379201449984 1220917478676750338
1220939379201449984 1220917227995762689
1220936824723591170 1220930543862394880
1220936824723591170 1220922281284648960
1220936824723591170 1220917478676750338
1220936824723591170 1220917227995762689
1220930543862394880 1220922281284648960
1220930543862394880 1220917478676750338
1220930543862394880 1220917227995762689
1220922281284648960 1220917478676750338
1220922281284648960 1220917227995762689
1220917478676750338 1220917227995762689
1221162104381722625 1221145495336366080
1221162104381722625 1221144928648036352
1221162104381722625 1221141501222121472
1221162104381722625 1221129104197423110
1221162104381722625 1221125108535898112
1221162104381722625 1221126237181153281
1221162104381722625 1221125049257775105
1221162104381722625 1221125367265558528
1221162104381722625 1221122431978524672
1221145495336366080 1221144928648036352
1221145495336366080 1221141501222121472
1221145495336366080 1221129104197423110
1221145495336366080 1221125108535898112
1221145495336366080 1221126237181153281
1221145495336366080 1221125049257775105
1221145495336366080 1221125367265558528
1221145495336366080 1221122431978524672
1221144928648036352 1221141501222121472
1221144928648036352 1221129104197423110
1221144928648036352 1221125108535898112
1221144928648036352 1221126237181153281
1221144928648036352 1221125049257775105
1221144928648036352 1221125367265558528
1221144928648036352 1221122431978524672
1221141501222121472 1221129104197423110
1221141501222121472 1221125108535898112
1221141501222121472 1221126237181153281
1221141501222121472 1221125049257775105
1221141501222121472 1221125367265558528
1221141501222121472 1221122431978524672
1221129104197423110 1221125108535898112
1221129104197423110 1221126237181153281
1221129104197423110 1221125049257775105
1221129104197423110 1221125367265558528
1221129104197423110 1221122431978524672
1221125108535898112 1221126237181153281
1221125108535898112 1221125049257775105
1221125108535898112 1221125367265558528
1221125108535898112 1221122431978524672
1221126237181153281 1221125049257775105
1221126237181153281 1221125367265558528
1221126237181153281 1221122431978524672
1221125049257775105 1221125367265558528
1221125049257775105 1221122431978524672
1221125367265558528 1221122431978524672
1220721304413855744 1220597695376654337
1178641495148105728 1178510933070663681
1178641495148105728 1178456772958273537
1178641495148105728 1178454671595315205
1178641495148105728 1178454674984226816
1178641495148105728 1178450407871451137
1178641495148105728 1178452328007061504
1178510933070663681 1178456772958273537
1178510933070663681 1178454671595315205
1178510933070663681 1178454674984226816
1178510933070663681 1178450407871451137
1178510933070663681 1178452328007061504
1178456772958273537 1178454671595315205
1178456772958273537 1178454674984226816
1178456772958273537 1178450407871451137
1178456772958273537 1178452328007061504
1178454671595315205 1178454674984226816
1178454671595315205 1178450407871451137
1178454671595315205 1178452328007061504
1178454674984226816 1178450407871451137
1178454674984226816 1178452328007061504
1178450407871451137 1178452328007061504
1178641534960443393 1178452676901773318
1178641534960443393 1178453056570171392
1178452676901773318 1178453056570171392
1173623228088160256 1173563868406321153
1189331433376178178 1188978358492680193
1189331433376178178 1188881035162984448
1189331433376178178 1188814189512417282
1189331433376178178 1188811664621232128
1189331433376178178 1188809604131520519
1189331433376178178 1188625989590372353
1188978358492680193 1188881035162984448
1188978358492680193 1188814189512417282
1188978358492680193 1188811664621232128
1188978358492680193 1188809604131520519
1188978358492680193 1188625989590372353
1188881035162984448 1188814189512417282
1188881035162984448 1188811664621232128
1188881035162984448 1188809604131520519
1188881035162984448 1188625989590372353
1188814189512417282 1188811664621232128
1188814189512417282 1188809604131520519
1188814189512417282 1188625989590372353
1188811664621232128 1188809604131520519
1188811664621232128 1188625989590372353
1188809604131520519 1188625989590372353
